,slot,flight,eta,fpfs,time,priority,airline,cost,num,margins
0,0,FD0,0,0,0,0.7657440936501311,D,0.7657440936501311,0,21
1,1,FF1,1,2,2,0.5830370021728172,F,0.5830370021728172,1,27
2,2,FC2,2,4,4,0.6997942458574745,C,0.6997942458574745,2,30
3,3,FE3,3,6,6,1.380243177969268,E,1.380243177969268,3,21
4,4,FA4,4,8,8,1.4036319247158298,A,1.4036319247158298,4,16
5,5,FB5,5,10,10,1.4106679526179124,B,1.4106679526179124,5,42
6,6,FB6,6,12,12,0.7542481141069723,B,0.7542481141069723,6,36
7,7,FF7,7,14,14,0.5744866236526186,F,0.5744866236526186,7,49
8,8,FF8,8,16,16,1.4805974423906654,F,1.4805974423906654,8,40
9,9,FD9,9,18,18,1.5028848221216875,D,1.5028848221216875,9,27
10,10,FA10,10,20,20,0.7765672685073646,A,0.7765672685073646,10,24
11,11,FD11,11,22,22,0.9676485077386057,D,0.9676485077386057,11,20
12,12,FF12,12,24,24,0.8331846109180481,F,0.8331846109180481,12,45
13,13,FB13,13,26,26,0.6637225172656498,B,0.6637225172656498,13,33
14,14,FD14,14,28,28,0.5863100196448119,D,0.5863100196448119,14,22
15,15,FC15,15,30,30,0.6804217488277197,C,0.6804217488277197,15,25
16,16,FD16,16,32,32,1.4875366637848748,D,1.4875366637848748,16,46
17,17,FB17,17,34,34,0.6410289541898547,B,0.6410289541898547,17,37
18,18,FE18,18,36,36,1.3282654806283885,E,1.3282654806283885,18,18
19,19,FA19,19,38,38,1.5221034357927543,A,1.5221034357927543,19,24
20,20,FF20,20,40,40,0.4356182085356302,F,0.4356182085356302,20,43
21,21,FF21,21,42,42,1.5022357570036577,F,1.5022357570036577,21,42
22,22,FD22,22,44,44,1.5386408029427943,D,1.5386408029427943,22,20
23,23,FA23,23,46,46,1.491889143146042,A,1.491889143146042,23,28
24,24,FC24,24,48,48,1.5706873760678033,C,1.5706873760678033,24,44
25,25,FD25,25,50,50,1.579890663638309,D,1.579890663638309,25,34
26,26,FA26,26,52,52,0.8305772771359711,A,0.8305772771359711,26,12
27,27,FF27,27,54,54,0.6868295429330415,F,0.6868295429330415,27,10
28,28,FA28,28,56,56,0.8766464366728579,A,0.8766464366728579,28,25
29,29,FF29,29,58,58,1.7004792051705921,F,1.7004792051705921,29,42
