,slot,flight,eta,fpfs,time,priority,margins,airline,cost,num,type
0,0,FE0,0,0,0,0.6872743626616786,17,E,0.6872743626616786,0,B752
1,1,FA1,1,2,2,0.7217670685758141,45,A,0.7217670685758141,1,B735
2,2,FA2,2,4,4,0.7432433665773618,42,A,0.7432433665773618,2,A319
3,3,FD3,3,6,6,1.448426926718207,25,D,1.448426926718207,3,E190
4,4,FE4,4,8,8,0.6702396698357969,23,E,0.6702396698357969,4,A320
5,5,FB5,5,10,10,0.6346298016704679,32,B,0.6346298016704679,5,B763
6,6,FB6,6,12,12,0.8868756725881478,21,B,0.8868756725881478,6,A319
7,7,FB7,7,14,14,0.7237409721651606,22,B,0.7237409721651606,7,A321
8,8,FD8,8,16,16,1.368004425035712,23,D,1.368004425035712,8,A321
9,9,FB9,9,18,18,0.6188511455560858,48,B,0.6188511455560858,9,B744
10,10,FA10,10,20,20,1.4550500747803967,54,A,1.4550500747803967,10,A321
11,11,FC11,11,22,22,0.7410723763732417,45,C,0.7410723763732417,11,A321
12,12,FB12,12,24,24,0.731307849670028,52,B,0.731307849670028,12,B738
13,13,FB13,13,26,26,0.7431040851203986,45,B,0.7431040851203986,13,A332
14,14,FD14,14,28,28,0.5685571239990284,54,D,0.5685571239990284,14,E190
15,15,FD15,15,30,30,1.732129057953224,47,D,1.732129057953224,15,A321
16,16,FE16,16,32,32,1.5966177147105136,50,E,1.5966177147105136,16,AT72
17,17,FA17,17,34,34,0.6963431899975745,48,A,0.6963431899975745,17,E190
18,18,FA18,18,36,36,1.4468633434537739,34,A,1.4468633434537739,18,B738
19,19,FC19,19,38,38,1.3758151023452168,51,C,1.3758151023452168,19,AT43
20,20,FD20,20,40,40,1.6361765781604523,37,D,1.6361765781604523,20,A319
21,21,FD21,21,42,42,0.7889634036147758,40,D,0.7889634036147758,21,B735
22,22,FE22,22,44,44,0.5917739459064029,64,E,0.5917739459064029,22,A320
23,23,FB23,23,46,46,0.637941372595643,44,B,0.637941372595643,23,B734
24,24,FC24,24,48,48,0.582917324062662,52,C,0.582917324062662,24,B738
25,25,FD25,25,50,50,1.5774862796138398,53,D,1.5774862796138398,25,B735
26,26,FE26,26,52,52,0.8093817847732104,55,E,0.8093817847732104,26,B734
27,27,FC27,27,54,54,0.6537860908023795,50,C,0.6537860908023795,27,A332
28,28,FC28,28,56,56,1.4183325244990017,62,C,1.4183325244990017,28,A319
29,29,FA29,29,58,58,0.5605384700265854,73,A,0.5605384700265854,29,AT43
30,30,FA30,30,60,60,0.7782441647027982,71,A,0.7782441647027982,30,AT43
31,31,FB31,31,62,62,0.8043951192701746,59,B,0.8043951192701746,31,A320
32,32,FC32,32,64,64,1.3829971630417053,65,C,1.3829971630417053,32,AT72
33,33,FC33,33,66,66,1.4694783654739578,74,C,1.4694783654739578,33,AT72
34,34,FE34,34,68,68,1.5176050296290506,49,E,1.5176050296290506,34,E190
35,35,FC35,35,70,70,0.7923557558398537,79,C,0.7923557558398537,35,A332
36,36,FD36,36,72,72,1.4152385958543963,57,D,1.4152385958543963,36,A319
37,37,FB37,37,74,74,1.421672032675608,64,B,1.421672032675608,37,B763
38,38,FE38,38,76,76,1.2826506393249586,72,E,1.2826506393249586,38,A319
39,39,FA39,39,78,78,1.3841712493979677,58,A,1.3841712493979677,39,AT43
40,40,FA40,40,80,80,1.4982074527831872,81,A,1.4982074527831872,40,A319
41,41,FB41,41,82,82,0.8490144952833216,67,B,0.8490144952833216,41,B734
42,42,FC42,42,84,84,0.600355663836509,62,C,0.600355663836509,42,B763
43,43,FE43,43,86,86,1.445849668008424,69,E,1.445849668008424,43,B744
44,44,FC44,44,88,88,0.6496988796563592,73,C,0.6496988796563592,44,AT72
45,45,FB45,45,90,90,1.4353164267687692,61,B,1.4353164267687692,45,B763
46,46,FE46,46,92,92,0.771860771920144,88,E,0.771860771920144,46,A320
47,47,FD47,47,94,94,1.4042298491532479,89,D,1.4042298491532479,47,AT72
48,48,FA48,48,96,96,1.4358990838533674,63,A,1.4358990838533674,48,A320
49,49,FA49,49,98,98,0.8266041212932906,69,A,0.8266041212932906,49,B734
