,slot,flight,eta,fpfs,time,priority,margins,airline,cost,num
0,0,FA0,0,0,0,0.742608396904863,27,A,0.742608396904863,0
1,1,FA1,1,2,2,1.4849589853349145,13,A,1.4849589853349145,1
2,2,FF2,2,4,4,0.7081174072409148,18,F,0.7081174072409148,2
3,3,FF3,3,6,6,0.6804677994294898,28,F,0.6804677994294898,3
4,4,FB4,4,8,8,0.7576000971375938,18,B,0.7576000971375938,4
5,5,FA5,5,10,10,0.7287506382570971,22,A,0.7287506382570971,5
6,6,FE6,6,12,12,1.5656510020397727,18,E,1.5656510020397727,6
7,7,FA7,7,14,14,1.4239729277828854,31,A,1.4239729277828854,7
8,8,FB8,8,16,16,0.6704640059566984,18,B,0.6704640059566984,8
9,9,FD9,9,18,18,0.7803383537886308,23,D,0.7803383537886308,9
10,10,FD10,10,20,20,1.3492623702774302,20,D,1.3492623702774302,10
11,11,FA11,11,22,22,1.4860566540967457,39,A,1.4860566540967457,11
12,12,FF12,12,24,24,1.4135712594512344,26,F,1.4135712594512344,12
13,13,FD13,13,26,26,0.5868085957148128,30,D,0.5868085957148128,13
14,14,FC14,14,28,28,1.6666299630365888,34,C,1.6666299630365888,14
15,15,FC15,15,30,30,1.7470485173982324,33,C,1.7470485173982324,15
16,16,FB16,16,32,32,1.3718580048292157,38,B,1.3718580048292157,16
17,17,FF17,17,34,34,0.7115594589273013,35,F,0.7115594589273013,17
18,18,FB18,18,36,36,0.7956098103822727,33,B,0.7956098103822727,18
19,19,FF19,19,38,38,0.6589730363932025,35,F,0.6589730363932025,19
20,20,FF20,20,40,40,1.41038392207149,32,F,1.41038392207149,20
21,21,FD21,21,42,42,0.7484612778681012,32,D,0.7484612778681012,21
22,22,FC22,22,44,44,0.6664149890768565,34,C,0.6664149890768565,22
23,23,FA23,23,46,46,1.4630668265007005,51,A,1.4630668265007005,23
24,24,FF24,24,48,48,1.5864150110755204,39,F,1.5864150110755204,24
25,25,FD25,25,50,50,1.4676618003743718,50,D,1.4676618003743718,25
26,26,FD26,26,52,52,1.5338084548120128,54,D,1.5338084548120128,26
27,27,FF27,27,54,54,0.7115050942111567,54,F,0.7115050942111567,27
28,28,FD28,28,56,56,0.7557209746332407,45,D,0.7557209746332407,28
29,29,FE29,29,58,58,0.6435226342270189,56,E,0.6435226342270189,29
